              precision    recall  f1-score   support

           0       0.00      0.00      0.00         0
           1       0.77      0.87      0.82        46
           2       1.00      1.00      1.00       205
           3       1.00      1.00      1.00         6
           6       1.00      1.00      1.00        17
           7       0.97      1.00      0.99       117
           8       1.00      1.00      1.00        36
          10       0.92      0.87      0.89      1351
          11       1.00      1.00      1.00         8
          12       1.00      1.00      1.00        10
          14       1.00      1.00      1.00        51
          15       1.00      1.00      1.00        11
          19       0.82      1.00      0.90        32
          20       1.00      1.00      1.00       126
          22       1.00      1.00      1.00         2
          23       1.00      0.58      0.73        26
          24       0.67      1.00      0.80        20
          25       0.96      0.96      0.96        27
          26       1.00      0.10      0.18        40
          27       1.00      1.00      1.00       127
          28       1.00      1.00      1.00        23
          29       0.50      1.00      0.67        12
          30       0.70      1.00      0.82        39
          32       1.00      0.97      0.99        37
          33       1.00      1.00      1.00         6
          35       1.00      1.00      1.00        18
          36       1.00      1.00      1.00        24
          38       0.95      0.95      0.95        20
          39       1.00      1.00      1.00        29
          40       1.00      1.00      1.00         5
          41       0.41      0.88      0.56         8
          42       1.00      1.00      1.00        20
          43       0.92      1.00      0.96        11
          44       1.00      1.00      1.00        15
          45       1.00      1.00      1.00        14
          46       0.84      0.83      0.83       241
          48       1.00      1.00      1.00        26
          49       1.00      1.00      1.00        51
          50       1.00      1.00      1.00         9
          51       1.00      1.00      1.00        12
          53       0.00      0.00      0.00         0
          55       0.98      0.99      0.98       131
          56       1.00      1.00      1.00        35
          58       1.00      1.00      1.00        57
          59       1.00      1.00      1.00         4
          60       1.00      1.00      1.00        16
          61       1.00      1.00      1.00        21
          62       1.00      1.00      1.00         9
          63       1.00      1.00      1.00        10
          64       0.97      1.00      0.98        29
          65       0.42      1.00      0.59         8
          66       1.00      1.00      1.00        29
          68       1.00      1.00      1.00         2
          69       1.00      1.00      1.00       381
          70       1.00      1.00      1.00        22
          71       0.00      0.00      0.00         0
          73       1.00      1.00      1.00         7
          75       0.78      0.85      0.82        88
          76       1.00      0.86      0.92        28
          77       0.50      1.00      0.67         6
          78       1.00      1.00      1.00         8
          79       0.95      0.78      0.86        76
          80       1.00      1.00      1.00        11
          81       0.89      0.17      0.29        47
          82       1.00      1.00      1.00         4
          83       0.00      0.00      0.00         0
          84       0.97      1.00      0.98        32
          85       1.00      0.97      0.98        29
          86       0.64      1.00      0.78        61
          90       1.00      1.00      1.00         8
          91       0.71      0.96      0.81        25
          94       1.00      0.96      0.98        24
          95       0.00      0.00      0.00         0
          96       0.94      0.99      0.96       227
          98       0.86      0.43      0.57        42
          99       0.99      1.00      0.99       210
         100       0.98      1.00      0.99        62
         103       0.67      1.00      0.80        16
         105       1.00      1.00      1.00        23
         107       0.96      0.98      0.97        96

    accuracy                           0.92      4762
   macro avg       0.87      0.89      0.86      4762
weighted avg       0.94      0.92      0.92      4762
