              precision    recall  f1-score   support

           0       0.00      0.00      0.00         0
           1       1.00      0.93      0.97        46
           2       1.00      1.00      1.00       205
           3       1.00      1.00      1.00         6
           6       1.00      1.00      1.00        17
           7       1.00      1.00      1.00       117
           8       1.00      1.00      1.00        36
          10       1.00      1.00      1.00         8
          11       1.00      1.00      1.00        10
          13       1.00      1.00      1.00        51
          14       1.00      1.00      1.00        11
          18       1.00      1.00      1.00        32
          19       1.00      1.00      1.00       126
          21       1.00      1.00      1.00         2
          22       1.00      0.77      0.87        26
          23       1.00      1.00      1.00        20
          24       1.00      1.00      1.00        27
          25       0.00      0.00      0.00        40
          26       0.76      1.00      0.86       127
          27       1.00      0.91      0.95        23
          28       0.55      1.00      0.71        12
          29       0.97      0.97      0.97        39
          31       1.00      0.97      0.99        37
          32       1.00      1.00      1.00         6
          34       1.00      1.00      1.00        18
          35       1.00      1.00      1.00        24
          37       0.95      1.00      0.98        20
          38       0.97      1.00      0.98        29
          39       1.00      1.00      1.00         5
          40       1.00      1.00      1.00         8
          41       1.00      1.00      1.00        20
          42       1.00      1.00      1.00        11
          43       1.00      1.00      1.00        15
          44       1.00      1.00      1.00        14
          45       1.00      1.00      1.00       241
          47       1.00      1.00      1.00        26
          48       1.00      1.00      1.00        51
          49       1.00      1.00      1.00         9
          50       1.00      1.00      1.00        12
          52       0.00      0.00      0.00         0
          54       1.00      0.99      1.00       131
          55       1.00      1.00      1.00        35
          57       1.00      1.00      1.00        57
          58       0.57      1.00      0.73         4
          59       1.00      1.00      1.00        16
          60       1.00      0.86      0.92        21
          61       1.00      1.00      1.00         9
          62       0.83      1.00      0.91        10
          63       0.97      1.00      0.98        29
          64       0.67      1.00      0.80         8
          65       1.00      1.00      1.00        29
          67       0.00      0.00      0.00         2
          68       1.00      1.00      1.00       381
          69       1.00      1.00      1.00        22
          72       1.00      1.00      1.00         7
          74       1.00      0.88      0.93        88
          75       1.00      0.93      0.96        28
          76       1.00      1.00      1.00         6
          77       1.00      1.00      1.00         8
          78       0.72      1.00      0.84        76
          79       1.00      1.00      1.00        11
          80       1.00      0.38      0.55        47
          81       1.00      1.00      1.00         4
          83       0.97      1.00      0.98        32
          84       1.00      0.97      0.98        29
          85       0.90      1.00      0.95        61
          89       1.00      1.00      1.00         8
          90       1.00      0.68      0.81        25
          93       1.00      1.00      1.00        24
          95       0.93      0.98      0.95       227
          97       0.90      0.45      0.60        42
          98       0.96      1.00      0.98       210
          99       1.00      1.00      1.00        62
         102       1.00      1.00      1.00        16
         104       1.00      1.00      1.00        23
         106       0.87      0.94      0.90        96

    accuracy                           0.96      3411
   macro avg       0.91      0.92      0.91      3411
weighted avg       0.95      0.96      0.95      3411
